Chicago		(211.0, 521.0, 0.0)
San Francisco	(132.0, 528.0, 0.0)

Los Angeles	(115.0, 465.0, 0.0)

Atlanta		(261.0, 475.0, 0.0)

Montreal	(290.0, 548.0, 0.0)

Washington	(326.0, 486.0, 0.0)

New York	(349.0, 508.0, 0.0)

Mexico City	(197.0, 419.0, 0.0)

Miami		(287.0, 441.0, 0.0)

Lima		(275.0, 232.0, 0.0)

Santiago	(288.0, 154.0, 0.0)

Buenos Aires	(372.0, 188.0, 0.0)

Sao Paulo	(410.0, 245.0, 0.0)

Bogata		(298.0, 331.0, 0.0)

Madrid		(506.0, 497.0, 0.0)

London		(516.0, 557.0, 0.0)

Lagos		(565.0, 356.0, 0.0)

Kinshasa	(619.0, 277.0, 0.0)

Johannesburg	(656.0, 207.0, 0.0)

Khartoum	(696.0, 370.0, 0.0)

Cairo		(684.0, 417.0, 0.0)

Algiers		(584.0, 468.0, 0.0)

Paris		(573.0, 539.0, 0.0)

Milan		(667.0, 550.0, 0.0)

Essen		(601.0, 607.0, 0.0)

St. Petersburg	(723.0, 583.0, 0.0)

Istanbul	(682.0, 511.0, 0.0)

Moscow		(780.0, 553.0, 0.0)

Tehran		(807.0, 493.0, 0.0)

Baghdad		(741.0, 430.0, 0.0)

Riyadh		(772.0, 399.0, 0.0)

Mumbai		(812.0, 408.0, 0.0)

Karachi		(812.0, 456.0, 0.0)

Delhi		(865.0, 457.0, 0.0)

Kolkata		(926.0, 478.0, 0.0)

Bangkok		(928.0, 407.0, 0.0)

Chennai		(863.0, 398.0, 0.0)

Jakarta		(919.0, 280.0, 0.0)

Beijing		(953.0, 510.0, 0.0)

Shanghai	(991.0, 460.0, 0.0)

Hong Kong	(993.0, 404.0, 0.0)

Ho Chi Minh City(1004.0, 316.0, 0.0)

Seoul		(1083.0, 551.0, 0.0)

Tokyo		(1127.0, 505.0, 0.0)

Taipei		(1067.0, 413.0, 0.0)

Osaka		(1123.0, 436.0, 0.0)

Sydney		(1109.0, 179.0, 0.0)

Manila		(1142.0, 322.0, 0.0)